54780 912917
54756 967245
72757 1504478
38981 430573
59002 991392
14115 106409
49948 781309
89186 1983422
50140 737317
70654 1321797
51132 763206
80433 1496168
16394 121052
6608 33829
10704 67347
8465 52008
54504 915602
57509 1002606
2410 8425
26590 291953
12277 92110
93310 2057662
46668 584444
35769 414175
25737 248663
16069 117845
50773 756475
38542 424136
93299 1948762
59926 1035431
41866 543253
64958 1190305
66113 1187479
77622 1499925
43598 560949
26398 268474
310 671
98913 2085700
54912 923595
53536 874701
35456 411614
258 557
12226 87395
62747 1122464
44184 563343
75957 1465075
45948 554630
93204 1911228
13059 94966
59627 1005240
6428 34020
77720 1520030
31674 344356
25018 238447
10355 64060
80587 1487314
5504 26687
88740 1923387
17438 137450
62810 1133183
77683 1496187
66004 1177279
59256 1064815
28556 315140
4691 21399
17069 135014
52229 824018
15579 119011
95891 2135722
14531 110490
70617 1387872
66621 1209630
7643 44442
21512 185338
81257 1574674
29716 330243
70431 1333674
51684 797809
21507 189861
76868 1533200
67443 1290982
73327 1402560
80630 1536776
12689 95479
54214 918139
7358 39673
61327 1204725
4478 20301
39500 473918
10572 66748
8078 48605
10848 68878
63846 1225465
84985 1790030
14235 104037
75699 1461362
37741 444513
54107 897963
13791 106162
85752 1989338
78667 1771951
47861 654504
39496 496579
20670 181679
95971 2159569
98948 2265022
94350 2059293
66007 1211805
13942 107166
33277 379429
87211 1978001
7544 41589
94748 2070705
9656 58211
93577 2027796
12475 89660
59945 1047593
20315 167994
72462 1386435
31662 344261
69319 1366648
92781 1893192
23453 219891
50828 749695
45664 588913
21563 188198
58077 991742
61683 1139101
51760 791222
78751 1568985
16260 121098
74129 1437331
74243 1415152
29817 323125
33296 368527
90716 2249301
17329 143584
81108 1848234
95994 2241426
13959 108414
98836 2264371
74898 1682702
73895 1773880
24675 255981
22410 220349
44893 610838
37684 453411
23083 220331
54396 974693
73903 1519032
76792 1726650
79447 1764651
56125 1065006
97866 2417366
16316 123582
33509 385882
98680 2528878
98138 2460891
407 941
20532 179765
36143 454180
8268 52208
42401 575220
70591 1454445
48001 596845
10153 64146
91371 2043334
67356 1387513
6745 36292
89233 2077409
45499 629987
61990 1280924
90749 2603320
58898 1052690
57486 1073889
1331 4104
7055 37889
80107 1694518
60160 1131852
97588 2302033
54230 948458
91974 2127435
56638 1184646
11803 85256
16802 136065
53852 933929
53668 931027
19829 166929
31958 370169
95893 2194910
71910 1414451
28500 319685
88299 2148717
50385 836541
70252 1413653
86375 2038578
30723 362503
52942 879184
80968 1588015
38784 445668
1903 6607
830 2549
50708 789714
79440 1762124
85653 2081796
17281 142898
51399 821550
93154 2126352
56153 1066632
29913 339192
8031 50478
89461 2144320
68301 1422474
11106 74372
34817 408097
76817 1655179
15224 114264
11843 86617
78726 1809587
34908 429492
27297 290517
40700 534081
78167 1553254
7558 42582
81828 1676722
93317 2027390
95678 2084832
92178 2052733
6334 33336
94422 1974771
23369 214357
94212 1984522
74797 1560100
75729 1513982
93391 1948382
93361 1926976
59669 1016459
8161 49539
45893 549815
67565 1284971
3581 14336
79162 1553001
75014 1457799
57495 1036285
93654 1992623
34063 389716
57770 1013258
92367 2117820
36642 466299
23273 232006
36404 454220
1867 6245
98632 2338965
51821 824161
78141 1593852
37410 467944
88799 1993672
16483 124566
12065 95826
54912 981426
83607 1957222
56789 1039279
13081 100468
23881 234107
44444 608748
42735 568806
17394 141828
13395 98160
62096 1181817
94902 2226608
75263 1599383
88357 2401071
75065 1701852
48486 728143
47508 610565
37006 468434
51765 843837
54014 946193
58256 997722
59933 1045625
36371 452749
32436 367197
20455 180932
10894 71071
73288 1402205
98158 2133845
37729 441306
52477 841558
5714 28418
65116 1171417
19263 157710
53747 889036
12008 87384
30479 342467
48776 719839
47976 560908
47386 566978
50423 753174
36293 443774
58352 986516
40765 484068
45551 579025
51111 755262
13101 96757
19964 167017
43490 558780
32376 367869
61930 1183646
64306 1227145
2999 13313
57196 1045983
21142 182497
75384 1477667
54267 919773
21979 197255
88900 1991402
18032 144105
12165 90572
39962 476735
54421 918489
1962 6640
55008 911656
19414 163280
21992 198286
10038 61836
38823 429949
60397 1069792
92032 1883450
46597 568222
18182 143113
10442 65638
53433 882972
64734 1177058
30170 333504
74232 1391332
75679 1426170
76467 1493597
58517 994024
1814 5775
70591 1318447
43711 544338
8196 50153
20091 165749
41093 480359
76842 1524954
35593 405522
24223 222227
3066 12210
17103 130043
63092 1100159
37585 431426
55521 919187
73924 1419082
77525 1476408
44879 576590
43358 548967
51411 747823
23764 226222
89455 1899317
70235 1282337
45289 569534
94185 1927414
20928 179220
64220 1124226
38420 413595
93502 1910874
29786 320898
44439 557292
13204 96090
18874 152284
57492 1028498
86369 1845543
33613 363965
19286 157613
13641 102633
83215 1683751
22196 195284
73009 1379201
44951 570838
55542 918697
42281 524084
1915 6332
22981 212527
78982 1512555
67409 1258815
6682 33792
37320 426791
96891 2084153
38780 432803
19495 158048
33996 374150
24053 217919
36101 430975
61460 1145937
15264 106993
78866 1594236
8239 50671
59361 1131352
58123 1007743
29912 322759
40851 494799
43506 574062
72437 1411192
80719 1623020
78464 1798405
16792 129749
8619 54851
30113 346311
98519 2651725
86470 2009450
56720 993022
24777 221004
53485 905963
17161 135876
2548 9498
74567 1439872
71269 1335334
22627 221919
22117 204817
20299 172194
84975 1798177
72837 1404022
99920 2204862
49576 747119
6007 29252
94198 2069326
75473 1589777
5859 29357
45281 599522
18178 145618
35712 434210
75525 1593463
15156 111451
85836 1986201
47717 583950
78240 1548366
90241 1983358
6512 32336
2713 10603
69371 1335981
38347 420881
18913 155077
87857 2198382
94493 2110721
85972 1898731
86650 1979133
31450 343033
29014 305076
54536 911523
39048 421773
23104 211438
77580 1544938
10092 66839
95548 2179145
41938 568792
96910 2220018
82800 1761852
75702 1466712
99403 2206480
83136 1758558
70843 1354695
90361 2011189
98371 2472241
6326 33032
86305 2194036
29535 328557
46427 618697
83008 1879951
5498 26960
66992 1337663
49666 812276
10638 71932
12559 96578
9980 64492
18112 150144
6886 38202
55938 1027941
39428 470117
4106 17615
42858 545114
54799 937957
28729 306565
58808 1060869
24854 223940
48049 592370
64510 1243869
65488 1281122
2550 9589
96126 2274309
76683 1614490
99741 2244971
637 1610
91182 2003907
87913 1950209
81853 1703339
26937 272450
2887 12236
28827 318387
57478 1069815
23207 212477
2926 12174
26696 281841
60833 1139941
99742 2242598
85062 1804354
62570 1123818
60392 1105412
39906 480491
88503 1973752
48405 706649
54006 888185
92834 1961273
45244 574419
13914 105671
88585 1901722
40341 473054
68263 1454711
14541 114893
3751 15690
47093 567021
15349 122066
37059 460192
47610 581523
56855 991353
48086 676128
90198 1983544
16477 125543
12553 90956
43782 580852
84288 1793696
6508 33858
60282 1116913
5083 24268
74429 1473106
3850 15891
11131 78090
61525 1203991
49220 739912
38349 447585
97584 2629868
29675 326113
28618 327875
65398 1334297
6079 33732
47065 605578
58119 1084143
93332 2169442
31607 365109
6521 33929
65357 1370274
77303 1821664
41180 560878
44556 628122
91910 2166190
60128 1236543
57604 1147902
5544 27326
83447 1982747
79343 1810875
72797 1598664
92741 2194387
47579 586676
92128 2041087
94446 2226008
45746 569516
51495 803263
67401 1349062
83116 1773361
47536 610204
16498 128316
20812 180895
12651 93616
58446 1067136
37036 442472
70909 1425686
3885 16365
40729 501103
27289 284673
36790 464402
74604 1506544
59377 1022134
82115 1912089
21184 197046
79416 1704091
13265 100635
98458 2299086
15757 119406
66543 1279668
64047 1278033
86968 1962791
82226 2127594
70998 1461152
24091 221524
20293 167839
24651 223557
24441 217295
77373 1638526
92219 1960755
38484 444737
7082 42901
16116 131435
95512 2733548
44777 639928
18535 161146
38800 451112
55278 922605
29591 315456
69916 1406019
6292 32404
14626 115996
32109 371946
95157 2084518
6485 34702
34644 405517
83056 1753594
42010 575534
98913 2210045
530 1240
36008 427450
77033 1618536
91687 2084659
26415 283635
92004 1912231
49453 744550
89027 1976509
25038 233616
3190 12037
20057 166064
5935 29355
59639 1100893
88155 1953311
34635 395319
2510 9315
12619 92586
61146 1157317
61223 1119403
18308 145979
56182 981425
81507 1655458
54527 939025
4757 22793
88604 1958703
83030 1786005
80411 1513315
48791 732487
32357 362262
71274 1354370