69394 1122120
84472 1437997
67839 1029437
64810 921222
32674 297590
89576 1586623
74959 1165836
42480 430039
81394 1384339
50002 594586
93729 1682913
84879 1398920
83541 1450038
10747 62700
56714 749381
14216 82099
79499 1302651
54444 677734
26348 187891
64906 921841
43546 473697
23086 167026
31083 270262
51425 613367
43656 464394
61318 812061
72437 1142221
96881 1827758
67580 994814
27035 232436
72997 1113668
84315 1454547
67074 1045118
21455 154439
36747 343175
47526 511502
82163 1356478
64739 923382
73641 1160490
29173 246366
83223 1444638
96379 1710951
72336 1111953
50949 619527
16348 100572
30443 259090
28556 225039
87573 1589382
75219 1220142
58281 798246
57326 781785
1842 7889
24939 188831
33466 310161
44101 491448
40601 428821
28699 233763
60234 819512
89182 1620970
32339 273888
53355 676314
77451 1307799
98341 1880184
95715 1795165
50603 612352
2946 13148
81848 1380427
27210 216562
80814 1318282
51931 669968
21903 152477
49291 584741
53835 661002
64134 872768
40829 425682
91201 1640947
56354 729385
61155 847908
87989 1521677
38670 376838
28546 240811
89417 1557767
15674 94213
48483 539735
15454 91656
87538 1472863
24463 171607
460 1759
10092 53364
27430 225926
85624 1511139
93518 1704723
82421 1510307
84345 1365513
84735 1476156
20478 134280
55976 735569
74414 1159565
21815 152364
50932 611467
21465 150443
46686 530570
41667 433454
53570 664775
70306 1093222
30351 265205
72914 1141009
95475 1867199
33701 289891
22123 162531
32176 267566
40299 416642
42936 470138
23975 179846
27804 217110
44612 496459
79515 1336316
27893 223411
83882 1407311
98806 1853104
33580 279344
83532 1420309
75467 1123823
54832 687678
81648 1285899
69513 1092490
23057 160226
27545 212147
15471 87447
91092 1565650
5576 27215
41800 448715
24113 178452
92538 1752992
74131 1181417
34743 324083
73083 1072827
43452 465775
32478 294395
94767 1663285
47376 580372
83985 1541993
5786 29869
96443 2001865
87937 1458004
691 2845
39437 389215
32470 276039
20390 131352
72248 1174387
88975 1570462
1616 6731
10765 58396
33533 296218
59777 829445
52610 656241
59548 783042
5216 26249
44424 494447
22369 154017
21277 149324
52912 657017
62955 884935
64869 911750
99277 1941640
99605 1933505
52408 674095
33557 291393
12871 72272
33215 287085
14278 83847
30010 281469
19390 130054
21486 150582
21392 145750
43993 483243
17740 117325
43288 444224
86129 1503416
53316 626534
4430 21310
6655 31809
42975 488087
77338 1192624
42772 453170
99575 1924701
33174 296279
9637 52366
15004 88675
68329 1039791
33972 299690
98858 1920813
94080 1760071
40161 412595
92763 1698067
39410 392033
47531 562840
4550 20862
85480 1438581
87410 1464443
20315 142297
82601 1401477
37534 335159
67585 979957
40226 405243
27455 206560
77447 1315803
56093 714884
17986 120329
87782 1529896
69975 1043863
23641 173713
79986 1278575
85277 1478693
46899 521647
65028 889564
77868 1312744
38779 384038
98896 1915920
89605 1583514
32446 283203
86176 1514294
33909 317754
25411 194048
36562 364536
60631 817112
31468 269143
75813 1231871
69094 936249
9997 57706
54494 720422
31679 300670
18008 119695
2178 9555
71158 1086619
33605 298320
51472 621357
72184 1113341
50385 603189
2408 10678
39468 412155
74987 1236405
41917 449267
13052 75417
712 2824
96439 1913032
33487 299414
89241 1572905
76310 1230457
88256 1515818
84724 1490178
51264 615438
58104 756239
11640 63065
49875 612337
32940 296016
78266 1285275
3308 15280
58276 752364
95441 1808413
34705 310546
14506 83920
26301 194952
28189 225169
21818 146124
85230 1429864
22253 148916
69176 974682
43475 454859
47416 540582
14952 86592
25767 196784
40011 418246
62700 843779
32368 296337
32199 298982
21217 143150
7928 40532
64611 920053
6607 32937
75430 1163699
17351 112339
64376 890667
33313 290913
88510 1381031
75539 1233518
72132 1145508
54347 694861
74097 1154154
38051 365191
84541 1448249
42004 409176
413 1591
77006 1177500
17113 106572
74085 1199359
20839 150780
57207 746763
39019 393701
26890 212980
73746 1012553
91821 1709815
19688 134252
85224 1418289
75723 1154054
69071 1008165
77183 1271704
13443 76232
14251 82304
32410 291978
12149 68429
31470 262996
50389 629939
60575 853512
16441 102564
89140 1578492
65697 918206
2549 11444
57716 773050
79117 1298897
91886 1628164
77716 1172512
37658 349927
99189 1887691
82527 1312877
35105 334050
82697 1381805
93809 1654633
36020 346976
46605 536300
83726 1377654
48465 585757
45121 495624
78524 1205816
8519 44185
89362 1634896
14411 87056
31636 269575
23257 175596
31943 271317
60824 876409
60923 823317
16947 106309
92552 1452752
54100 662414
97760 1789990
4489 20452
72244 1106896
1189 4874
30857 257856
24117 171292
84104 1602888
52500 661089
90501 1607259
72502 1146886
28712 225655
18300 123982
70012 1089445
44273 497686
17499 111729
3319 15100
87635 1559509
75900 1261601
70333 1101291
3109 13801
68702 946525
37636 379114
17760 111299
57405 760028
81058 1365758
26293 201483
74169 1122877
77719 1252848
96368 1900769
63231 893799
51239 576527
44043 466251
56757 758545
51793 637866
57441 729990
27448 230272
16762 103954
91191 1612867
21902 162341
10076 57707
79197 1413202
50777 620437
24848 185573
34318 300429
61135 867398
41071 437084
72096 1135002
44710 492739
47865 536590
15685 108308
65216 966865
2069 8875
34137 322243
49538 633554
25447 203373
57747 780893
97211 1803320
70212 1103151
9439 48488
84804 1477086
56294 736438
15976 100456
2000 8627
61116 836137
61741 839883
28433 218157
83315 1402630
93064 1684713
32200 280211
40532 444617
55391 743342
48204 569413
8751 44479
553 2290
26480 210765
30128 270999
39316 371106
78661 1267711
25424 196308
811 3291
53627 669409
5542 26366
27313 226608
16217 100090
83529 1339522
7250 34509
72297 1108721
80387 1281280
92759 1659244
73699 1231816
6632 33443
96031 1753986
28787 231162
18185 114148
64853 875290
32274 274007
49271 600033
14051 80939
22355 168312
54205 680746
24692 184039
55663 657919
26974 220770
33864 306100
35111 326109
33622 319518
78004 1281732
22846 161049
91535 1628315
412 1605
4216 19173
79740 1243962
98951 1932551
4559 21542
5493 26753
3444 16251
19119 125443
36959 367264
8055 41252
58934 798089
89661 1612476
91222 1836379
26864 210573
18860 127238
57190 779368
92474 1811118
80903 1331463
33446 302209
2611 11259
24128 181216
66891 954799
49299 578198
89095 1593484
15917 91719
51387 665797
30627 275286
242 1457
