86635 593177
91677 673753
91491 605964
20660 114378
39914 243124
694 2686
16551 87783
28608 163702
10268 52219
80264 521364
73879 484972
48241 295484
31722 178461
18899 104479
61307 396597
65514 439962
56554 354068
73599 508740
20284 111678
44840 269737
93848 643822
4230 19063
78571 538847
8888 42438
81368 524844
76423 545591
27494 154209
99037 694602
99179 734652
3439 15440
81710 534019
66110 440750
66985 435337
4949 22505
6618 31273
52656 325545
93625 625208
19074 103639
71284 493623
48379 322012
47622 310693
3969 18015
89288 626803
20840 114213
82371 524828
46646 274725
5199 24304
82715 520666
8142 39484
55801 355276
50845 341930
5001 22724
80421 568731
85362 611786
16962 84894
39663 230721
81720 534721
90695 619704
3814 16982
66589 442816
10580 50993
38784 253045
99968 661379
40284 230350
36132 201821
39070 230539
66972 424427
47141 280462
53470 324059
57558 357356
46800 287617
11673 57005
54669 352327
8019 39221
39038 229323
73980 491806
36601 211227
73826 492504
5450 25341
35397 197429
46738 283418
98558 695215
74210 464017
80212 511707
54144 343829
21725 122265
13167 68136
64242 407763
33049 183567
34279 193352
70905 492492
97435 769323
40225 237158
80421 518383
447 1666
60458 383376
95458 659657
59764 395039
99973 691730
10467 51913
35529 208265
62585 410664
45403 271796
86062 588431
78772 526134
31347 179064
11860 58312
82592 535646
2523 11255
85577 546138
59561 373358
67101 460991
15824 81522
97459 716472
19756 107603
36417 215271
30571 175581
2416 10245
43967 260608
42151 253755
8367 40664
29875 166235
2205 9319
35876 207763
58193 365994
19142 105970
65334 421347
75059 507572
57741 350695
36097 204425
75196 477242
56261 372200
50071 303122
55528 355579
70085 496669
37629 221593
27582 152697
51533 313131
42666 247785
63594 406706
84001 549689
16331 83900
64893 424329
97520 666309
82673 573813
25717 153956
15888 81450
40351 224928
48709 289850
1679 6949
33066 194916
27986 162473
4573 20991
27133 154965
65185 407701
5149 23941
53955 312927
7907 38905
9206 44744
50370 306730
86311 582086
76178 532744
84147 553609
61242 385415
35075 201957
24119 133178
49430 307328
5746 26199
97563 660184
58685 373966
30829 172448
18323 94374
82569 553944
78280 566560
48999 303222
27532 153917
17096 89227
67286 420508
32410 186490
2481 10559
60043 374240
95052 650685
57479 363714
6106 28822
7097 32802
9104 44214
99795 698191
84624 561418
42175 252378
90375 617622
17607 91793
1515 6183
79598 523752
28596 159679
6683 30810
48592 319102
15188 81222
58708 375574
62111 406977
73880 457266
39162 253838
17709 97239
55689 341659
83628 558024
68063 443588
37393 217642
66870 407990
67117 433118
73985 473821
10322 55785
42884 251135
25872 138778
71118 505427
63399 405719
35069 204462
7658 39102
9712 49143
95914 683503
88143 604512
99399 780077
2869 14178
3856 17254
19757 107351
1629 6681
54976 342917
46834 286881
38456 230116
34800 216025
40042 249061
1604 6621
94508 664360
65196 407699
1773 7445
58611 367403
57416 353336
23477 128761
98099 685803
69142 440260
25705 139642
24145 132718
73347 494376
80407 561256
34559 194933
5255 23912
86806 564323
99650 675601
14449 72462
57246 355097
31352 180928
35001 201726
52101 336638
10901 54055
4502 20019
25703 145164
87176 567638
83318 540929
41907 252062
49861 293565
20982 117113
75623 498633
21405 112751
67801 440177
63679 402884
33120 194536
46763 270807
17276 89375
91726 650498
99509 688381
16111 83890
22401 122439
40062 236726
66546 416649
51597 303006
92294 650859
54102 328810
77451 492972
3259 14507
68934 446715
58128 368291
3764 16761
5739 26729
36252 210687
80014 514802
10566 52542
44648 271837
59995 384379
36230 205502
3966 17810
27050 152226
28393 168543
95387 678890
75875 479669
8243 39464
26139 146634
64559 398238
51401 333706
19286 103722
7555 36323
44897 292913
18808 104547
28584 165816
73421 459856
19382 106779
61092 414905
66404 424301
94570 682400
33236 195648
99548 720682
28249 166302
4267 19955
56104 356188
62224 406201
77988 514726
20539 109123
22874 125205
36598 216443
92274 659337
15226 78271
83467 552672
42660 259354
91715 613096
30649 184269
19680 107094
81115 571745
87952 673423
52015 339035
46269 297357
508 1981
62293 417357
45142 286699
91885 666476
33627 204609
27334 159621
63871 435252
4099 18477
1667 6774
71450 533405
29444 167035
56890 378635
31722 189675
28443 165170
55473 338807
57033 361577
90298 638841
57146 344696
6460 31155
11189 57631
48044 300265
39617 238714
76851 488169
34215 190458
93763 680053
40999 251514
26064 142610
22086 123158
22319 119081
84424 547206
43468 257459
93301 667497
30156 187123
43278 261045
17501 94901
54116 338191
94387 698792
51995 321260
17713 97344
47812 290535
84646 589168
9487 45972
76136 519644
3163 14488
25715 140893
82700 579993
90010 574567
16943 91085
42211 252975
9254 46542
84197 603600
55180 363139
14597 75172
88424 578827
