81368 552627
93594 635695
24418 142562
49357 336895
48260 323713
91039 630800
58349 378852
66400 410571
45849 267519
35115 201430
37542 210919
36217 208069
21839 121237
73628 492182
96393 626941
9647 46955
121 393
6071 27115
2793 11590
57965 376343
43403 244443
55174 376846
11739 55557
58271 376423
16254 79590
38514 213746
99534 719638
72403 497744
49837 332361
52297 324507
1306 5260
85177 551861
14777 73188
21901 121076
26120 138757
14714 71364
40215 228972
25860 135912
24654 132383
63520 404313
53926 322092
85761 563834
30332 167555
99265 710913
25405 140681
90546 598205
43884 249070
24011 126397
53782 323621
8872 43115
96019 646419
81138 565889
16969 84614
57097 379242
95234 651452
82444 567549
14541 70050
56865 364681
98126 698134
13646 66352
47643 303488
32729 183720
43046 242025
28009 148200
63271 392552
38139 209500
37966 217036
4747 20989
74508 505912
42714 237583
55573 346801
80827 563602
41138 230330
13192 63175
36277 207585
47241 295818
73714 503307
44740 261637
74160 493327
31207 173806
83463 543893
55394 348818
95024 656255
57017 370688
55069 379290
50115 339326
15100 72973
77638 520071
94742 638642
30437 170444
2211 9245
5427 23713
95956 637525
79477 529548
30173 169302
76597 518968
67464 448727
97282 687162
54460 376528
50313 334077
32756 185919
80723 534734
87812 582935
55333 345923
44137 249090
91209 614104
546 1999
43556 250409
66420 420253
36012 206640
76649 510153
64980 411339
1731 6854
68423 474361
3327 14724
74585 501850
28266 148941
70356 470524
16852 83522
14061 67202
46649 293056
22897 118820
42504 236572
21099 108246
61680 373047
79573 534145
19777 100163
42638 236775
73490 495395
39655 220117
11876 59034
52152 322171
42816 238715
72624 495127
67491 447484
96394 645916
74688 530352
20815 105837
62229 378514
87676 603774
54164 323410
95149 642302
54628 372945
24602 132061
43503 240880
23131 122184
25011 137339
72646 489603
37226 214264
75859 513779
53091 321455
26356 142307
24260 128709
34058 195055
87917 610021
47072 295873
96640 713383
24771 130790
88598 577843
26193 138165
82659 558597
82967 567427
7364 34023
14200 68686
55066 382706
53824 321376
21588 118291
3842 17119
623 2315
71617 485653
37627 215484
36901 216356
21351 110355
33752 195638
14161 69701
82114 568205
70958 472591
22601 117315
47341 300107
73464 491558
92127 606028
85204 573102
14560 69689
14028 67332
48602 322403
3370 14888
6844 31343
95694 652066
93300 621854
64468 410699
19457 97335
35738 204946
87682 587973
66459 409118
71721 481761
73381 485294
12539 59140
95478 639578
96861 731957
1947 7827
84541 544969
17938 90284
76917 521190
97840 698597
84205 552150
80968 550217
83027 540793
7813 36097
46527 291311
45408 265309
65761 425338
33891 191139
75644 508564
74833 501299
99921 710275
17811 93388
67114 410853
48937 326654
19881 99572
32276 183994
80825 546879
52014 312427
61658 370059
3617 16105
90575 591893
89810 617249
25196 138548
84488 547264
97619 697943
77709 517473
30991 177346
95246 635110
14599 70748
2139 8575
58711 383287
11129 53843
79003 528374
70949 481131
32169 181976
19314 96735
8418 38615
65101 409988
21680 120472
72194 496079
62949 390670
51946 347855
43366 240589
36854 215085
66439 413010
32761 182634
29145 162543
78253 527665
57845 373838
54977 381999
23786 124151
16873 83544
80046 542525
5218 22618
56578 360866
69208 476856
20266 106358
58887 386259
18905 95908
40794 228988
24716 131877
40441 230636
73121 496181
36095 205058
59728 367548
2995 12627
37058 210609
13096 62265
98869 711624
34767 195611
72964 500146
29674 166640
15726 76610
37791 213839
98145 702822
92023 602969
62231 374455
30155 167389
13653 65387
10283 47408
14025 67615
71415 480374
65923 404437
39017 215781
37995 219342
83174 543362
69641 487939
1686 6670
8769 40341
20913 113698
22306 116338
23220 122306
60880 366278
16633 82168
63565 401620
13389 64441
65656 411046
24720 130085
64914 404897
12878 60723
78358 524106
36633 208031
42873 239317
43539 244766
21754 122836
13664 66595
19638 98667
89843 611278
39846 223090
1355 5394
40900 227861
11647 55273
58131 375278
4019 17937
48317 318645
57945 375722
97033 695660
22566 118118
9936 46275
9925 46061
11165 54740
35260 209777
37684 214552
68687 475985
56498 369369
73519 493091
68722 477948
42015 235701
6107 27088
14013 67522
40803 228629
18784 94872
35449 204590
21699 119616
17350 86408
49532 330076
17013 84512
6491 30498
80774 540937
2270 9264
78924 524280
98329 712000
17378 87499
30670 173019
3107 13274
78405 536175
73434 494521
61254 370982
19282 97689
58042 377674
17373 86923
9644 47154
82632 541610
58811 382583
94998 655743
9625 47121
7469 34497
12397 61072
66926 417368
51709 347606
66633 422810
67058 417531
87458 596892
90539 597517
80307 536451
58367 376333
71411 476013
98457 701292
1869 7418
33624 178951
62914 392960
41762 231148
38043 230826
74978 509187
42301 236530
