64870 435293
60264 404076
4849 19868
44502 259441
11823 55209
22871 122764
46544 292198
12260 55919
49986 303252
34861 195968
27742 147578
39512 219929
4600 18751
88787 591496
23296 117931
13073 64441
56197 350549
63059 410198
28437 143937
93952 612749
32145 172608
18011 94995
17783 91772
68764 423419
36651 204633
19364 95214
16551 77741
95447 658346
27793 146366
52431 298807
48318 275348
79892 570212
9137 41303
91397 656992
1759 6505
66089 406836
77317 472352
42310 245836
61502 361893
20266 108461
42904 242343
86215 616710
4870 19993
23578 134764
77893 523455
20933 107346
61300 378717
34345 179490
49712 318628
7866 34328
7522 33479
46699 271033
36352 215701
86966 660696
86528 582631
46485 271789
6777 29454
65767 400596
16834 92462
39588 242188
39713 243747
30983 166539
59278 339813
74254 490351
83156 537112
53556 320121
65737 396875
75012 497754
11882 55192
43073 265611
36050 201328
87422 606726
11635 53284
51903 339014
810 2803
9546 42980
82547 545674
54930 341590
9266 43408
26709 136055
9294 42665
16124 79620
93415 639296
62675 381305
73563 478557
77836 527836
17883 86172
88477 624005
7564 32838
87402 610180
38571 229217
68488 446440
51538 311881
25440 130464
38076 207074
46512 267078
17780 84650
11844 54327
98613 662197
41961 249081
97794 628120
95290 603891
12043 55476
74136 458982
87338 619845
92574 661964
11516 53869
34897 184905
63104 413815
36863 199113
839 2940
98635 729582
91169 621436
72208 520242
46418 265283
5935 25098
55207 357467
2805 11085
83613 568234
90094 607956
64906 414681
82507 562463
97919 647138
943 3339
92306 574669
81633 516435
25527 130792
48654 300689
57970 348489
8150 34997
53471 309873
52645 309334
59562 372114
25649 142325
18805 94853
97185 672814
27096 152564
73193 487201
19229 97558
35010 189659
57404 342628
47543 275245
65187 385251
65470 425901
53391 332368
2064 7634
48273 290622
76359 511654
64406 458517
70551 435498
43563 276111
70055 427806
50401 292664
63872 398513
92326 622109
97191 667955
29392 149809
20408 105418
33832 190341
71026 476072
69957 445008
19939 97146
82891 546697
60111 370881
69598 428602
71077 427893
85176 529498
28229 158406
40128 245396
65448 389222
5714 24015
73963 455530
32264 172045
40501 225386
99339 790363
96408 652849
80580 552198
9715 45438
80974 547596
71873 492573
93028 603378
52051 339440
58244 376596
92630 639495
16653 78894
2139 8057
75083 513480
82438 536638
24656 126964
11316 57738
56947 399751
99608 701701
39201 223467
17256 88369
78463 537610
33357 199492
24518 130314
30850 158327
2396 9413
54478 344749
36273 204839
52652 336510
83423 531300
37450 216269
95188 635299
45634 274555
72060 477304
41028 252287
34432 199447
48513 284972
77052 535014
63247 383310
68549 419571
38747 210697
16623 84161
8403 36576
75283 480694
58611 373993
76318 542437
66510 436177
25820 132014
81767 551045
14560 69411
74011 458534
34372 193974
80418 524880
21321 109093
22371 113853
11369 55105
79676 497734
83168 587519
29328 153892
54582 343334
49747 301749
85069 541800
6934 32488
73961 482204
18442 87714
22933 136693
78182 511553
37838 246344
1122 4094
18563 106801
82459 537212
85498 618648
73315 473110
32592 180298
40135 227956
10510 49604
40421 239125
53990 317048
73158 483702
64491 397853
30770 185140
79061 520092
7441 31830
36360 206177
4545 18597
86083 573886
1704 6263
89403 603499
36578 202936
14830 68299
20537 100235
35343 186307
78103 509249
42090 229034
31209 167860
56318 364324
10315 48118
35692 194955
16453 82729
76790 520996
49376 278531
64252 387181
71721 453028
14017 73777
99171 728064
55233 352504
63955 397259
47609 295363
25572 140846
12935 59547
74186 460339
39473 237011
8570 40251
98251 622475
15646 76273
85408 594583
4585 19810
80395 603865
71929 499009
1473 5314
39148 227034
56729 327028
8923 39140
41990 239955
45889 267111
21922 114248
72681 453940
83500 553367
36397 210197
89534 600258
56288 347450
57871 354457
53674 316614
88935 711697
17244 84591
568 1897
48216 298296
91275 579141
42712 244650
14740 76168
89081 551816
27360 148918
35401 190867
19597 98095
99091 642129
76947 473669
6654 28646
63606 381276
75204 476757
68088 448750
98897 748165
3601 14328
16668 79665
96328 665585
62149 398749
1757 6483
72111 437495
74713 463010
23151 114039
20642 104007
93598 625651
48021 294285
95054 653042
2297 8918
84468 573907
509 1681
6376 27960
83827 542327
95500 627981
72907 451654
84938 541433
1666 6184
2656 10295
13705 70656
62253 388951
86766 605079
79613 522619
6096 25580
38472 217411
39940 244116
20318 101830
84449 520026
19591 98119
71293 450008
22002 115573
41616 231008
97715 701125
82654 590470
39758 216972
11354 51123
73619 562590
37317 217209
8724 37995
40504 237641
33981 193435
31326 190710
21065 104176
79874 489964
78870 479643
14281 74933
75265 480102
62710 379485
10441 47582
64041 395784
96812 693439
11516 51590
89939 590931
7348 32252
17419 85543
97938 665611
91238 624945
76492 481488
56562 355637
13629 65787
39749 230738
74019 468381
70647 471879
63645 422497
25293 134851
83457 520730
91341 629904
79004 563210
77207 538474
31686 183971
29288 159632
38026 218034
2310 9034
229 980
1120 5980
22210 125926
8167 39510
9937 48959
13106 62980
7429 33142
63619 401058
98523 682486
79348 532802
76230 483396
49479 284429
3455 13573
71365 466246
62087 367581
18793 98189
17956 86305
33295 201292
55276 338536
16649 79060
19278 100379
22636 118632
43651 251463
95033 646483
16811 87506
64277 386728
86828 540096
52627 344357
97301 676181
99758 689152
90913 654978
90247 633252
65849 434341
13846 65906
47201 288413
16703 88363
91680 601108
84223 559073
98389 717829
95264 665000
63113 420806
35830 214950
11001 52058
35983 223919
45191 265217
11025 51537
80039 583384
69127 468878
32199 171707
76614 506672
98830 685407
88010 554888
55612 328638
12323 55662
40335 231536
36163 200991
93580 767742
59279 358683
5090 20584
87457 566162
59973 359599
