99846 390980
75472 270474
23880 70026
37790 122612
92025 347119
35154 114303
34457 109563
61527 229292
4665 11483
61814 210697
59214 202312
96566 396186
35935 126478
9554 25517
29266 90279
87966 353533
55284 184745
38664 127138
27900 86472
26166 77716
48891 165471
56975 207572
55537 193793
15393 45627
25344 76646
82324 305459
49343 166924
49776 169505
33661 105644
17655 50420
74510 286162
41689 129943
72319 254640
14516 39602
41392 130361
82890 296983
47709 160071
11362 34031
99188 390463
1330 2859
22906 66084
435 867
66158 237714
30377 95881
43966 145927
31856 105689
24903 93382
55183 199574
71106 283600
32094 107347
56425 226850
55469 196477
81433 343881
85673 351715
30871 96653
5518 13526
5061 12277
60826 209028
17095 57613
28393 88867
38902 125516
45912 152373
4367 10693
8272 22291
67793 252239
90550 352274
43621 141299
40097 124613
50117 170612
55590 194553
60119 205385
97470 384996
58356 204044
92024 379376
51704 181645
94351 399716
79055 307722
50108 168957
8623 23693
5096 12356
49987 167122
66398 232866
97830 371578
80944 293017
79222 292477
60094 205656
79746 298495
927 2164
99332 388649
38042 118933
66211 241699
66449 242241
2993 7049
24662 73964
85768 348263
84291 351966
17069 50618
18010 51983
94119 382376
61404 208182
11750 31978
6491 16489
28510 85455
91069 352088
84542 323424
17976 52094
73497 262371
49443 157892
27795 92071
70519 253375
34201 123123
85750 328815
71286 258907
62708 232705
64834 243549
67336 258596
21947 64112
64352 228321
20143 58239
95368 382806
34545 106633
69978 276816
50967 176666
81752 318657
83863 318171
18133 51674
32674 103341
78124 298643
76523 298800
52231 173212
49156 173325
85663 327880
28698 89975
50740 171122
21206 62134
39115 126893
55680 198820
20404 60861
44500 150773
18103 52571
38261 123476
59823 206263
988 2100
33518 102927
61357 228258
17246 47926
62710 234013
99116 392164
17673 51571
59837 206871
25876 79873
59859 206882
10130 27277
75448 299420
95399 391150
61877 228483
34199 108649
67394 252199
54596 208730
12268 33660
21753 63255
38900 130990
3643 8458
10716 28653
81080 299410
3852 9593
371 737
33336 119128
67855 255350
13401 36487
93482 361121
86100 334945
90985 354941
35588 113172
23852 72470
63486 243943
27028 87060
85947 327260
97816 363254
95465 379640
96881 381499
33876 113616
30051 96024
56319 200846
93323 384931
95832 421028
46423 155439
24328 73794
60939 217275
16307 47183
32751 103745
16157 46860
73712 290137
55402 185166
33760 103950
72246 251840
18881 53884
99942 387897
88132 331712
13866 37982
52354 189305
5670 14179
89851 334119
96591 381702
13356 36804
26838 83175
55704 203742
84762 304191
54596 184962
44887 157913
80308 282400
34978 114491
67692 248602
89011 380444
84483 351990
68342 246708
39647 125724
52638 181797
85851 314866
49654 162902
28212 85052
66950 232598
72712 259617
65556 229909
6637 16370
20986 60621
36702 117012
10785 28526
83578 321626
80328 306548
70946 252721
36769 121649
30369 96921
25979 79480
879 1942
72200 256495
74097 275345
24482 72949
87404 325557
21507 62419
24529 73254
13607 36929
83534 330354
1231 2630
94251 377181
66200 239086
81564 328390
67309 252685
14821 43321
82567 314794
47778 172527
92149 365154
80153 330671
56985 197875
75910 301952
33019 112187
78086 312835
42632 143248
48443 176311
54245 201670
10222 29043
917 1978
88385 362351
84609 338953
46321 150267
970 2337
71150 253696
87131 340170
3309 7761
13143 36666
65958 234021
79925 324346
7164 18289
10257 27050
49857 180319
1555 3424
48426 187580
33679 108299
8288 22375
81587 310596
89707 341032
59719 222323
3803 9012
31579 106582
51411 180910
41402 150383
14017 40471
84213 326949
16873 49466
25218 86049
9435 24901
6782 16970
43730 144653
61580 235164
55058 203293
99130 395999
90409 387528
51542 176909
46429 157068
1064 2297
90793 343950
51698 180291
48338 160755
61017 216220
26292 78084
22888 67634
74222 271883
63512 228966
16935 50885
27483 88737
99241 420780
97149 405581
48740 171838
75681 278765
61638 228460
74127 275737
8946 23405
79652 295217
88129 333134
32812 110402
31514 103951
47377 165414
34671 107002
47416 160033
11499 32509
34900 120173
22448 70703
37338 121541
79026 307919
33059 104542
1748 3855
49892 169119
65155 229379
33924 106999
7741 19925
84996 316213
28262 87250
24983 74459
16177 47677
55237 196660
76165 286371
58914 211750
56859 216116
4155 11147
74762 289251
35334 112160
7388 19059
66243 256084
34015 114443
62855 235260
8131 21121
59072 210047
42094 144952
78276 281697
96065 381256
46179 149550
5308 13101
47551 167290
95026 357087
64683 245568
49985 181042
21566 64261
63288 221667
4906 12029
47346 158953
62021 217532
74726 281147
27670 88999
99971 391819
10445 27420
29316 95985
15275 42906
57570 207418
43059 139493
27279 91657
50107 162668
92458 356233
33267 104016
71188 253109
24501 74768
83909 331875
14550 41306
78866 298128
25001 78837
97668 405708
48589 178531
88602 337644
88935 350574
14522 41298
4806 11644
53462 175594
50151 166799
74899 275970
6709 17199
35724 111032
48425 167696
42471 138351
72517 260090
87746 335109
60919 214863
75732 296709
14084 38723
30427 94569
73441 282265
30174 95360
20270 61473
76162 294299
18985 57004
22406 67686
79769 317401
20821 61671
78257 308322
89129 355546
54109 184532
12080 33993
23087 67337
44370 150431
96546 388457
15445 42258
85906 352197
37070 120796
61025 218039
48769 166644
88551 360527
19413 60196
66952 241898
22983 76029
76961 304495
66703 302630
85903 331825
39293 126083
56375 200753
77053 319507
9719 25971
95356 401899
14742 39981
36229 117606
93940 411962
65485 241091
45023 149572
88179 336774
28976 90247
30730 96007
58369 228503
93020 381977
95830 368586
91273 364738
80804 311489
35418 121344
7111 18728
13107 38443
14080 40990
20576 59403
62242 225794
52538 185659
33493 106772
44708 146174
41356 138381
39246 130941
21812 65524
9747 26191
30462 96743
60988 234031
58615 222558
30955 99266
52849 184230
1929 4325
64370 240067
98204 386079
77166 301540
14995 45914
26474 90801
75434 282465
36776 123873
71075 288960
5295 13515
56470 213686
70444 263892
4879 12458
16527 48623
71432 274051
44802 144692
80076 319888
43869 146210
47541 180791
87747 392209
63534 253109
5306 13963
19019 57331
51961 193963
79920 340034
16887 48573
48066 167795
79906 300482
17190 50498
90636 367481
78705 286153
53056 191525
85672 317257
88900 326117
6428 15836
38297 127907
80691 298935
97134 369914
67643 230186
37268 117846
82765 299131
56919 190800
85502 327353
27659 82963
74857 267290
5590 14128
84540 331901
24735 75983
63850 228750
96159 384824
38434 124733
8575 22684
46146 162081
