288118 749355
152 205
27036 55131
4329 7557
3019 4829
32064 64742
9309 17138
400 599
352653 915980
33942 68988
5119 8891
85296 190797
4265 7092
23293 45553
253094 635658
253 332
506306 1366267
23245 45932
5011 8801
104557 238080
833964 2427112
107 134
27484 55160
7522 13562
1178 1746
42284 88469
545 835
13471 25250
770 1165
3404 5899
2133 3308
441 600
62298 132657
15209 28605
111 144
13484 26140
521 773
15503 29972
9418 17144
181431 434481
54059 115168
39646 81225
313 484
242191 600492
341 469
10553 19353
1032 1538
928 1356
169 222
25660 51033
18428 35504
7645 13786
3896 6781
36603 74687
356 490
4167 6890
3266 5713
349473 911980
17387 33419
213 288
4558 7878
60925 133553
2480 3799
95285 221256
6934 12214
9937 17897
9165 16464
227684 564317
51094 109404
136881 320316
153 205
4313 7564
679 957
7725 13994
59401 128102
129264 312602
2009 3130
378619 1048891
537 1162
2207 3479
294 398
2025 3116
1065 1557
195566 492907
8120 14375
221 300
981 1434
436 630
14053 26341
6478 11069
814968 2457943
896 1290
231952 581652
272274 690670
85011 194179
108797 249316
151 199
3764 6545
47055 98521
358911 980482
5827 9835
1197 1776
311 431
191229 490213
512 717
423428 1182967
260367 660218
41894 88068
131424 307989
617106 1806135
142 193
715687 2141885
2368 3742
3515 5535
488 658
1760 3047
3058 4942
5206 8959
2732 4314
840 1164
601405 1738492
42745 87549
252460 641474
40841 84724
78283 172543
1641 2540
330 449
47556 99754
154 206
306 415
21974 44193
14146 26955
255654 673909
182633 446608
818706 2490170
914635 2740533
7359 12609
5382 9036
222473 549335
246346 650300
23961 47043
25131 50412
659315 1883395
6175 10687
785793 2304896
2987 4751
860782 2670115
5794 10111
758 1060
6656 12111
179 234
4149 7185
76830 174156
4326 7503
609 857
2360 3695
2113 3734
175963 425701
31933 65229
486104 1320926
395641 1108172
121205 279860
774 1105
1230 2196
1272 1874
20826 40564
505592 1418401
579357 1631876
29310 58964
1818 3181
1241 1828
4551 7493
418849 1148168
69395 154059
105 137
41262 85784
816 1164
53027 112509
3668 6063
513 713
419960 1196220
1295 1966
659027 1866787
814886 2436142
6752 12124
156374 383425
159660 379750
191452 475582
479067 1302645
56741 120990
933 1357
1733 3057
396855 1095242
570 800
1245 1851
33168 68475
157 208
6293 11248
2984 5297
14317 27395
13869 25897
456 649
4737 7865
65132 141758
867755 2603762
6099 10810
10000 18619
40034 83337
115422 266171
788384 2337494
354 484
359084 967791
13997 26725
343183 917996
4868 8614
228 307
182 240
7619 13632
19766 38614
302 411
291329 755270
553 777
116487 267443
48088 101211
1988 3076
1091 2081
525 739
10117 18413
33623 69700
155 206
5548 9928
18840 37003
156229 377102
3606 6338
757 1071
33447 67934
1419 2121
346 472
301701 781458
524200 1485100
3343 5436
83521 190576
16663 31720
49091 104318
4808 8472
178 234
442 620
66074 146613
12362 22695
8184 14630
247068 620589
112352 263194
81748 180545
834277 2490465
378 511
40403 83444
120 153
89270 199456
1588 2798
221402 553626
392 543
25137 51273
40465 83320
354736 934773
9988 17937
142 181
43035 89148
10457 18998
95983 219525
33425 67890
594 840
59558 127962
130218 309001
343 469
3596 6390
19335 37474
331 450
19636 37956
168 227
175379 424205
130670 309494
137675 325386
7744 13916
97204 223135
777395 2303365
1284 1908
127172 304587
520675 1450711
464 635
18926 36072
145716 353125
8819 16277
171157 424200
952 1375
103307 247669
307262 796852
76909 176911
17459 33459
189529 494485
257470 654420
18095 35044
2718 4775
1060 1579
384522 1051314
7705 13684
23509 46264
13224 24350
1392 2130
6277 11349
75228 166874
47212 101986
82947 185052
137004 326774
32793 66868
377 522
439 609
293349 758314
903 1307
165394 399970
1661 2507
81349 182387
206 345
9788 18276
54943 121531
6573 11694
97527 238477
1065 1561
126869 318685
13563 25611
282032 728815
318534 829816
625 887
239806 639793
2271 3555
677 969
172712 417579
509751 1466522
2957 4778
322038 892564
10162 18665
663 939
20727 41279
4456 7428
170622 438574
523622 1441962
804833 2504543
1056 1532
128409 318916
1647 2541
1921 2985
1021 1512
702 988
2434 3782
4076 7077
112 141
89060 205706
407885 1095902
117 152
113235 268381
717103 2104644
323629 881602
4467 7758
613346 1794326
200193 493554
1243 1847
130 171
9690 17768
128 171
8661 15950
184181 455045
350 476
5914 10663
165813 403820
514104 1420905
199821 507774
587 799
48622 102028
26394 52338
