320 434
752 1102
2362 4050
19120 36994
51039 107526
156 210
43669 90407
745381 2177006
191788 475676
6070 12494
20728 45465
573176 1693038
1186 1738
31012 62808
667511 1915796
325510 847343
8877 16117
6736 11932
4004 7049
1053 1649
133608 329151
231155 597384
43298 93219
376181 1041615
2982 4792
19090 37269
313 436
355608 963480
1782 2758
720 1469
74015 166518
830 1241
72317 167341
1928 3360
391 591
507 720
1272 1874
251296 673661
6731 11928
43320 96345
116 148
1865 2944
78048 185764
10949 20128
187868 487436
500 704
241758 660322
444882 1288450
136 183
22247 44003
5331 8990
446 630
481 663
22405 46216
222973 561081
88281 207564
73667 163984
6749 12065
6908 12676
4791 8346
278 380
2290 3634
23636 47479
135129 322356
522384 1539257
34190 70264
27257 56005
873002 2639521
2549 3998
153777 379550
314804 845452
44181 95453
40935 86072
582 817
52901 117729
644 943
23927 49056
698538 2171679
93400 218628
1194 1986
443 631
11713 22123
189 253
1686 2534
154 203
12908 25742
26088 51952
24614 49942
56125 120641
42982 90105
121 157
121 154
565 848
10504 19692
40882 86899
200 265
10004 18376
52833 112491
32958 67137
141 189
